1.000000 0.000000 0.000000 0.000000 0.000000 1.000000 0.000000 0.000000 0.000000 0.000000 1.000000 0.000000
0.877375 -0.479806 0.000471 0.106589 0.479804 0.877367 -0.003903 -0.035464 0.001459 0.003650 0.999992 0.003419
0.538917 -0.842358 -0.001484 0.234599 0.842337 0.538915 -0.006277 -0.023919 0.006087 0.002133 0.999979 0.004561
0.109077 -0.994028 -0.003351 0.426647 0.994005 0.109099 -0.007195 0.441394 0.007517 -0.002547 0.999969 0.007348
0.146606 -0.989193 -0.001776 0.466079 0.989173 0.146615 -0.006431 0.956815 0.006622 -0.000814 0.999978 0.009892
0.625616 -0.780126 -0.002926 0.467685 0.780121 0.625623 -0.002831 1.270810 0.004039 -0.000512 0.999992 0.011820
0.929306 -0.369311 0.000357 0.533306 0.369311 0.929305 -0.001168 1.396615 0.000100 0.001217 0.999999 0.013298
0.988294 0.152491 0.004624 0.877999 -0.152493 0.988305 -0.000056 1.522465 -0.004578 -0.000650 0.999989 0.007315
0.783607 0.621200 0.008425 1.121010 -0.621198 0.783647 -0.003144 1.401773 -0.008555 -0.002770 0.999960 0.004807
0.489397 0.871950 0.013930 1.380140 -0.872009 0.489480 -0.003144 0.967977 -0.009560 -0.010609 0.999898 0.002566
0.678473 0.734537 0.011380 1.598845 -0.734584 0.678518 -0.000061 0.486629 -0.007767 -0.008318 0.999935 -0.001558
0.938411 0.345429 0.007913 1.916385 -0.345438 0.938441 -0.000215 0.086371 -0.007500 -0.002532 0.999969 -0.007842
0.995096 0.098607 0.007816 2.368556 -0.098605 0.995126 -0.000558 -0.175464 -0.007833 -0.000215 0.999969 -0.011392
0.999951 0.009486 0.002864 2.894765 -0.009482 0.999954 -0.001454 -0.296434 -0.002877 0.001427 0.999995 -0.012642
0.997881 0.064936 0.004134 3.421891 -0.064942 0.997888 0.001216 -0.361594 -0.004046 -0.001482 0.999991 -0.017753
0.999563 0.029187 0.004667 3.928233 -0.029192 0.999573 0.001094 -0.402182 -0.004633 -0.001230 0.999989 -0.021478
0.876355 -0.481665 0.000702 4.280789 0.481664 0.876355 0.001311 -0.459664 -0.001247 -0.000811 0.999999 -0.022937
0.535312 -0.844654 -0.001103 4.463837 0.844653 0.535313 -0.001137 -0.383730 0.001551 -0.000323 0.999999 -0.025709
0.063625 -0.997969 -0.003156 4.621296 0.997963 0.063639 -0.004544 -0.198247 0.004736 -0.002860 0.999985 -0.025462
-0.031773 -0.999492 -0.002334 4.622068 0.999438 -0.031746 -0.010772 0.305713 0.010692 -0.002675 0.999939 -0.023550
0.056437 -0.998405 -0.001304 4.637569 0.998361 0.056447 -0.009388 0.814849 0.009447 -0.000772 0.999955 -0.021648
-0.450056 -0.893000 0.000529 4.652491 0.892949 -0.450037 -0.010405 1.072518 0.009529 -0.004210 0.999946 -0.020865
-0.843320 -0.537402 0.003208 4.651690 0.537314 -0.843266 -0.014010 1.207349 0.010234 -0.010091 0.999897 -0.015390
-0.997955 -0.063653 0.005769 4.590141 0.063570 -0.997886 -0.013533 1.323349 0.006618 -0.013138 0.999892 -0.008395
-0.898395 0.439050 0.011042 4.492317 -0.439160 -0.898340 -0.011123 1.375120 0.005036 -0.014842 0.999877 -0.013386
-0.544792 0.838475 0.012667 4.393701 -0.838571 -0.544730 -0.008234 1.376354 -0.000004 -0.015108 0.999886 -0.009606
-0.075380 0.997056 0.014014 4.333937 -0.997141 -0.075297 -0.006364 1.107527 -0.005290 -0.014454 0.999882 -0.012054
-0.128358 0.991618 0.014736 4.238361 -0.991711 -0.128254 -0.007803 0.592238 -0.005848 -0.015615 0.999861 -0.015181
